11111111

...μ-...-

1 1, 44 1111111111 111 1111111111.
11 11111 1111111111.
14 1111111111 1111110111.
’ 111 11111 10111111.
11111 111111. .
111 111111 11 NIHIL 11111.
111111111 11 1111111111 1111111111.
111 11111111 1111111 1111111111,
111 11 11111.
111 11 01111, 1111111, 1111011, 111111.
111 1111111 11111111111111.
111 11111111 11 1111111 1111111111.
1141111111.
111 11 11111111 IN 11111.
411 1111111 11 111111111111111111 1111111.
430 11111111 1111111111 11111111 1111 1111111.
411 11111111111.
331 10111111111101 111 1011111.
111 11 111111 11111111, 11111, 1111, 11 11111111.
111 101111 1111111111.
11111111111111 111111 11111 111111 11111111 1111111111
111 1111111111101111.
111 111111 1111111111.
111 11 111 11111111 11 1111111111111111 111111 11111.
1111 Is 11 111111 1111111.
11111111111 1111 11 11111 111111
11111 1 11111111,
1111111 11111 11111111.
I 1, 1411111111111111 1111111111.
11 11 11111 11111111011111, 11 11111111 3333.
33 1111111 111111 3333.
113 11111 IN 11111 111111 1111111111.
141 11 1111111111 NONUS.
133 111111 1111111111111111111111111111,
. 111 111111 A 1111111111 1111111111 1111011.
111 11 1111111111 111111.
111 11 111111 1111111111.
11111 11111111.
111 11 1111.
111 11111111.
411 11 1111111111.
411 11 1111111 11111111.
441 1111111111, 11111,111111, 1111.

434 33 333033 83330.

 

