Ι ’ 888 84888884

488 88 4884 8448884.
488 8888848 8888 8488848. ·
888 88 88884 888884 888888.
888 88 844888 844884.
848 88 84848888 848 48848888.
888 888 8888884888 4884 Ex 48888 8888888888 88888.
888 8888888 888 8888.
888 88 888888 8888884888.
888 88 84884 8488888.
848 488888 888 88888884 888 8888884 888 88-
8884 888 888888 8888488888 848888.
888 88 888888888 8888888 88888.
8848 8888 888888888 88 88888 848888.
8848 488888 8488888.
8888 8888888 848884, 88 888888 88848888.
8848 848 888884 84888884, 88 88884 8888884 84888.
8888 8888888 8488 88 88888 848884
88888 11 EXPLICIT, INCIPIT 88888 88.
888, 48 88848888 888888 84488848 888888.
84 88 488848 88 4888848 848884 88888888.
166 48884884 88 4888484 888888884 8888.
888 88 8888888488 48888.
888 8888848 488848 8888 888888.
848 8848848 8888 888888 48884484.
888 8888888888 488848 88 48844888.
888 88 8848888488 488848.
888 88 88888 88888888 88 48888.
888 888884 8888888888 88 48848 88 48884.
888 888888 888 8888888 88888 8888 488848 88888,
488 4888484 84888484 88 8488848884 8888.
446 488888 88 888888 888888 84888 88 88888888
88 88888 88888888.
884 88 88888888 488848 88 488848.
888 888 848488 48884484 888 8888 88884848.
888 8848 48 8888888 88848888, 84 88848 88884 8888.
8888 8888888 8488 88 888884 848884
888. 88 88888888,
8888888 88888 8848888.
88, 8 8888 88888888888884 8888 8888 8848484 88888 8488-
84888. 88888848.
88 88 8888848888.
88 88 8848888888. ,
888 8848 84884 8888 48884884.
... 8888 8888 8848884.
888 88 8888888 [88 888884884 888888
888 88 8888888488 [88888488888848.
... 84888 888888.
888 88884 88888888 888 88884888.
888 888888 88488888 88888488.
888 Ex 88888888 88 8888 8848 8888 888888,
[88 888884 Ex 8888 8848 8888 88 88888888 888881
888 88888]
888 88 88888888.
884 88 888884 8888888.

 

